30 60
4 1 3 7 15
5 3 11 10 30 28
3 1 9 4
3 13 17 30
5 11 4 6 29 21
7 18 10 29 5 12 21 23
7 19 8 22 20 27 15 9
2 22 26
4 13 16 23 18
3 26 25 19
3 25 8 7
6 24 12 28 17 27 16
5 6 5 20 24 14
2 14 2
1 2
5 28 8 23 5 16
2 29 13
6 18 30 15 14 3 16
5 14 16 19 26 27
4 16 19 26 11
7 24 19 29 30 26 27 13
1 13
4 17 25 8 9
5 9 1 12 19 21
4 11 19 18 28
7 7 29 25 19 11 6 10
1 3
5 19 18 25 9 30
6 19 10 17 1 6 29
6 30 12 9 27 10 19
1 25
4 29 23 17 30
4 6 23 25 1
1 14
4 3 7 20 18
3 25 17 18
4 4 30 1 3
7 21 3 16 25 1 28 24
6 23 22 13 21 2 6
1 24
1 30
7 5 28 25 4 14 9 20
7 5 17 10 2 8 28 12
5 10 25 8 18 21
7 25 12 2 4 11 8 23
1 2
7 22 18 24 29 16 10 30
4 11 24 12 16
6 17 21 25 6 13 12
4 25 13 15 8
5 6 26 28 3 9
3 10 22 27
7 1 22 26 11 3 21 17
1 15
4 22 18 27 1
5 30 9 14 7 24
6 17 6 20 14 1 18
2 29 10
7 10 13 21 2 14 18 28
5 4 23 1 18 16
